amount,duration,rate,downpayment 49415,12,0.095,49321
41425,24,0.095,27674 24968,24,0.085,31736 37636,12,0.085,33253
71956,6,0.085,6599 65232,6,0.085,29588 69292,24,0.13,15983
34958,60,0.13,49553 64401,24,0.06,19759 81929,12,0.06,3195
29911,6,0.085,3596 74143,60,0.13,7956 46010,60,0.085,49935
81285,60,0.13,31441 51040,36,0.13,29492 78039,24,0.095,6543
60550,24,0.13,47991 39983,36,0.085,15080 15236,12,0.085,44935
67541,60,0.085,51809 60867,6,0.095,53888 20510,36,0.095,11903
75101,36,0.095,58367 45283,36,0.06,40271 41720,60,0.06,32747
78726,12,0.06,50092 65711,24,0.13,43546 24045,36,0.085,33524
19265,60,0.085,56612 16992,6,0.085,14750 35854,24,0.085,15693
45646,12,0.085,13941 84594,36,0.13,50644 66824,60,0.06,37669
81889,12,0.13,29620 34475,12,0.06,43100 76370,60,0.13,52875
50936,12,0.13,20677 66898,6,0.13,17064 64115,24,0.085,49565
72601,24,0.06,48034 71647,24,0.095,59921 44592,6,0.095,27055
79045,12,0.085,13724 55299,60,0.095,10667 81657,12,0.095,12562
34447,24,0.085,45830 82405,60,0.085,31341 16154,36,0.095,48942
49863,36,0.095,22179 25464,12,0.095,48211 38224,6,0.085,39945
70477,24,0.085,12855 77375,60,0.06,50931 22849,24,0.13,31224
67684,60,0.085,45059 83740,36,0.06,28592 19163,36,0.085,42437
82722,6,0.085,3819 22557,36,0.06,57206 75906,6,0.085,20334
49806,36,0.095,6365 26058,6,0.085,15563 61735,24,0.13,55433
72186,60,0.095,20810 64006,36,0.095,52841 20600,6,0.06,15487
52244,60,0.085,56298 37446,24,0.13,46805 27430,24,0.06,30128
54404,60,0.13,23017 47622,12,0.13,53865 19064,12,0.13,36592
72650,6,0.085,31812 73921,6,0.095,17349 79974,60,0.085,24676
18690,36,0.095,44023 31597,6,0.06,37575 58941,12,0.095,57321
49423,36,0.06,34815 44056,6,0.085,34868 34145,12,0.13,37980
77272,6,0.13,47777 66688,36,0.085,3768 60739,6,0.095,55494
75250,60,0.095,55861 75349,24,0.13,44946 37389,60,0.095,33379
83231,36,0.06,15823 38776,60,0.085,53285 19495,6,0.095,45976
63792,6,0.13,25392 40609,6,0.13,21347 40134,36,0.13,29127
68451,6,0.095,35916 39349,12,0.13,14223 79398,12,0.085,32052
27962,12,0.13,30958 28545,6,0.085,36797 17399,24,0.095,52945
