amount,duration,rate,downpayment 
31643,60,0.08,79996 89632,24,0.1,21333
68485,24,0.12,84783 49957,24,0.1,11383 71223,12,0.08,80415
79158,12,0.12,83900 82408,24,0.1,31401 60913,24,0.08,59433
79970,60,0.1,39193 43003,24,0.12,34317 71931,36,0.1,81747
12778,36,0.12,12407 52362,36,0.08,15660 22268,60,0.08,90765
63163,36,0.1,19258 28768,48,0.08,53983 56921,36,0.1,16987
56063,24,0.12,89381 87316,12,0.12,53814 99879,48,0.12,52122
61458,12,0.08,75735 60504,48,0.1,94904 36315,12,0.1,11344
11041,12,0.1,71535 92557,24,0.1,71186 61319,24,0.1,92448
98498,24,0.1,71134 65345,24,0.1,32163 52993,24,0.1,69551
13305,36,0.08,57155 54637,24,0.1,45308 36666,48,0.12,36494
58163,48,0.08,36326 26972,48,0.08,88562 22741,36,0.08,3976
89792,60,0.1,69512 47208,24,0.08,93100 35437,60,0.1,65113
69738,24,0.08,53768 57309,48,0.08,32906 12092,12,0.1,31717
49933,36,0.1,92839 86412,12,0.08,62956 80184,60,0.12,70175
15465,36,0.08,86655 11571,60,0.1,83531 27116,60,0.08,80616
83984,24,0.1,61919 11085,60,0.08,22911 62034,24,0.08,55858
24212,60,0.12,38386 52023,12,0.12,15346 58616,48,0.08,60085
75460,36,0.12,42156 29307,12,0.1,98043 87367,48,0.1,43769
94653,48,0.08,32044 96666,24,0.08,58033 67758,60,0.12,94990
11752,12,0.12,77955 66719,48,0.08,48480 95987,24,0.1,43033
26751,48,0.1,44832 15681,60,0.1,28058 99808,36,0.12,57484
53770,12,0.12,66017 63484,12,0.12,69423 75598,36,0.1,30357
34267,24,0.1,64895 73292,36,0.1,5543 62794,12,0.12,1862
41965,12,0.1,25346 97319,36,0.12,78449 17685,36,0.1,94803
85367,60,0.08,36612 69399,60,0.12,71776 10022,12,0.12,6830
99190,12,0.08,27822 83022,24,0.1,7098 39820,60,0.1,57256
94193,24,0.12,75948 12879,48,0.12,37752 37554,12,0.1,56910
24351,24,0.1,19929 42680,48,0.1,13244 19304,36,0.12,41456
89848,36,0.1,44132 19527,48,0.12,58265 89906,60,0.08,35939
76266,12,0.12,74994 55460,48,0.08,42870 84091,60,0.08,57919
80356,36,0.1,76371 32393,12,0.1,14769 28376,60,0.1,30946
38163,24,0.1,61866 55977,12,0.1,9423 84278,48,0.08,74293
60245,24,0.1,61775 57701,48,0.1,87811
